20
10
9
0.13, 0.13, 0.54, 0.19, 0.34, 0.35, 0.96, 0.45, 0.92, 0.19, 0.86, 0.18, 0.77, 0.38, 0.31, 0.76, 0.83, 0.17, 0.83, 0.92, 0.14, 0.92, 0.93, 0.49, 0.6, 0.28, 0.88, 0.23, 0.91, 0.28, 0.78, 0.21, 0.71, 0.78, 0.63, 0.3, 0.18, 0.49, 0.53, 0.62, 0.11, 0.22, 0.6, 0.95, 0.37, 0.62, 0.28, 0.31, 0.16, 0.98, 0.3, 0.92, 0.24, 0.47, 0.49, 0.68, 0.4, 0.36, 0.28, 0.98, 0.44, 0.24, 0.75, 0.13, 0.7, 0.4, 0.39, 0.5, 0.88, 0.73, 0.21, 0.13, 0.17, 0.23, 0.82, 0.76, 0.36, 0.59, 0.9, 0.18, 0.82, 1, 0.21, 0.17, 0.56, 0.89, 0.81, 0.56, 0.75, 0.64, 0.42, 0.28, 0.72, 0.64, 0.56, 0.14, 0.32, 0.95, 0.75, 0.23, 0.72, 0.12, 0.33, 0.66, 0.66, 0.8, 0.84, 0.27, 0.14, 0.35, 0.89, 0.18, 0.26, 0.68, 0.26, 0.62, 0.14, 0.81, 0.19, 0.2, 0.35, 0.55, 0.86, 0.87, 0.12, 0.17, 0.42, 0.68, 0.4, 0.66, 0.77, 0.37, 0.83, 0.61, 0.55, 0.98, 0.85, 0.48, 0.94, 0.7, 0.69, 0.97, 0.85, 0.11, 0.78, 0.59, 0.82, 0.95, 0.3, 0.19, 0.45, 0.61, 0.45, 0.85, 0.14, 0.82, 0.94, 0.67, 0.24, 0.19, 0.35, 0.81, 0.18, 0.27, 0.61, 0.68, 0.71, 0.73, 0.22, 0.65, 0.72, 0.83, 0.92, 0.5, 0.73, 0.71, 0.33, 0.81, 0.73, 0.24, 0.52, 0.18, 0.45, 0.7, 0.17, 0.17, 0.53, 0.16, 0.96, 0.67, 0.74, 0.3, 0.67, 0.62, 0.14, 0.74, 0.37, 0.69, 0.98, 0.44
8.69, 65.11, 16.19, 24.37, 13.39, 34.96, 52.46, 61.28, 4.69
7169.39, 2411.09, 6559.99, 2100.58, 4396.67, 5317.41, 4742.53, 1610.06, 7904.39, 5224.15, 9881.73, 9183.62, 1012.86, 7828.85, 7704.84, 5763.6, 5758.37, 3518.97, 6282.34, 8627.18
3.13, 5.64, 8.72, 4.22, 7.22, 1.62, 1.64, 5.22, 4.03, 2.19
0.85, 0.11, 0.46, 0.78, 0.79, 0.83, 0.26, 0.13, 0.31
1.0, 1.0, 1.0, 1.0, 1.0, 1.0, 1.0, 1.0, 1.0, 1.0
18.57, 21.2, 24.17, 29.9, 37.82, 59.13, 71.95, 76.87, 79.23, 86.92
0.0, 1.0, 2.0, 3.0, 4.0, 5.0, 6.0, 7.0, 8.0, 9.0
1.2,  1.83, 1.33, 1.43, 1.38, 1.9,  1.61, 1.52, 1.05, 1.32
