20
10
9
5
15
0.13, 0.13, 0.54, 0.19, 0.34, 0.35, 0.96, 0.45, 0.92, 0.19,0.86, 0.18, 0.77, 0.38, 0.31, 0.76, 0.83, 0.17, 0.83, 0.92, 0.14, 0.92, 0.93, 0.49, 0.6, 0.28, 0.88, 0.23, 0.91, 0.28, 0.78, 0.21, 0.71, 0.78, 0.63, 0.3, 0.18, 0.49, 0.53, 0.62, 0.11, 0.22, 0.6, 0.95, 0.37, 0.62, 0.28, 0.31, 0.16, 0.98, 0.3, 0.92, 0.24, 0.47, 0.49, 0.68, 0.4, 0.36, 0.28, 0.98, 0.44, 0.24, 0.75, 0.13, 0.7, 0.4, 0.39, 0.5, 0.88, 0.73, 0.21, 0.13, 0.17, 0.23, 0.82, 0.76, 0.36, 0.59, 0.9, 0.18, 0.82, 1, 0.21, 0.17, 0.56, 0.89, 0.81, 0.56, 0.75, 0.64, 0.42, 0.28, 0.72, 0.64, 0.56, 0.14, 0.32, 0.95, 0.75, 0.23, 0.72, 0.12, 0.33, 0.66, 0.66, 0.8, 0.84, 0.27, 0.14, 0.35, 0.89, 0.18, 0.26, 0.68, 0.26, 0.62, 0.14, 0.81, 0.19, 0.2, 0.35, 0.55, 0.86, 0.87, 0.12, 0.17, 0.42, 0.68, 0.4, 0.66, 0.77, 0.37, 0.83, 0.61, 0.55, 0.98, 0.85, 0.48, 0.94, 0.7, 0.69, 0.97, 0.85, 0.11, 0.78, 0.59, 0.82, 0.95, 0.3, 0.19, 0.45, 0.61, 0.45, 0.85, 0.14, 0.82, 0.94, 0.67, 0.24, 0.19, 0.35, 0.81, 0.18, 0.27, 0.61, 0.68, 0.71, 0.73, 0.22, 0.65, 0.72, 0.83, 0.92, 0.5, 0.73, 0.71, 0.33, 0.81, 0.73, 0.24, 0.52, 0.18, 0.45, 0.7, 0.17, 0.17, 0.53, 0.16, 0.96, 0.67, 0.74, 0.3, 0.67, 0.62, 0.14, 0.74, 0.37, 0.69, 0.98, 0.44
8.69, 65.11, 16.19, 24.37, 13.39, 34.96, 52.46, 61.28, 4.69
7169.39, 2411.09, 6559.99, 2100.58, 4396.67, 5317.41, 4742.53, 1610.06, 7904.39, 5224.15, 9881.73, 9183.62, 1012.86, 7828.85, 7704.84, 5763.6, 5758.37, 3518.97, 6282.34, 8627.18
3.13, 5.64, 8.72, 4.22, 7.22, 1.62, 1.64, 5.22, 4.03, 2.19, 8.46, 1.05, 4.61, 7.78, 7.86, 8.33, 2.57, 1.27, 3.05, 7.69, 3.78, 2.99, 8.69, 7.92, 2.42, 1.86, 5.91, 2.12, 7.19, 2.78, 8.48, 3.94, 4.83, 4.4, 9.1, 6.46, 5.64, 1.44, 3.87, 3.38, 5.47, 2.07, 8.93, 1.54, 8.75, 7.03, 5.91, 2.12, 9.67, 6.83, 5.97, 1.04, 6.88, 5.58, 1.3, 8.27, 5.94, 9.88, 3.72, 6.48, 5.44, 2.89, 2.94, 8.89, 1.23, 5.0, 4.43, 7.0, 2.82, 9.27, 7.42, 8.78, 4.41, 5.11, 5.39, 7.44, 2.89, 2.76, 4.03, 9.06, 7.9, 5.8, 4.9, 2.35, 3.13, 3.94, 5.17, 8.4, 1.66, 7.34, 9.99, 6.62, 7.43, 4.48, 2.56, 6.7, 7.28, 5.35, 4.89, 3.52, 1.76, 6.34, 8.36, 3.2, 3.29, 2.12, 2.44, 7.47, 5.0, 6.63, 2.21, 3.44, 9.0, 2.82, 6.94, 6.05, 4.0, 3.67, 1.65, 2.0, 4.91, 6.88, 2.85, 8.09, 9.63, 9.25, 5.5, 6.73, 1.48, 9.78, 9.33, 4.34, 5.04, 8.33, 6.18, 2.43, 7.54, 1.98, 6.05, 5.39, 7.74, 5.82, 7.36, 2.05, 7.58, 2.88, 8.07, 4.1, 5.85, 2.91, 6.93, 6.09, 3.62, 3.41, 7.39, 5.26, 4.35, 3.33, 2.32, 3.78, 9.64, 5.64, 7.2, 7.56, 9.22, 1.74, 8.2, 6.62, 4.44, 1.24, 1.5, 8.74, 8.4, 3.81, 4.42, 2.93, 6.29, 4.13, 5.1, 7.96, 3.07, 3.4, 6.13, 4.26, 9.93, 4.57, 6.49, 4.69, 2.08, 4.88, 9.67, 6.92, 9.18, 7.97, 2.48, 8.71, 9.1, 2.8, 9.36, 6.18, 5.51, 1.31, 5.76, 2.65, 6.27, 8.2, 7.02, 6.27, 6.12, 3.18, 1.63, 3.77, 8.56, 1.06, 5.9, 8.65, 4.84, 6.9, 9.19, 4.37, 5.33, 5.12, 2.65, 5.8, 9.34, 7.08, 2.3, 6.32, 6.34, 4.02, 6.89, 7.76, 1.67, 6.24, 8.69, 5.18, 5.29, 5.8, 8.93, 8.85, 2.78, 8.34, 3.98, 1.78, 7.82, 5.59, 5.49, 5.88, 6.79, 5.78, 3.87, 4.86, 8.04, 8.38, 1.38, 6.55, 2.97, 8.37, 3.85, 8.95, 5.87, 4.12, 5.76, 6.72, 9.97, 4.5, 9.59, 7.7, 7.42, 4.05, 9.1, 6.51, 5.54, 4.66, 2.7, 4.69, 6.5, 5.94, 9.32, 7.69, 4.04, 9.96, 8.53, 5.17, 2.43, 9.79, 9.96, 7.0, 9.88, 4.35, 5.22, 1.55, 7.0, 1.6, 2.18, 2.96, 6.35, 2.62, 4.4, 9.08, 8.49, 8.94, 1.48, 3.98, 2.85, 2.69, 5.85, 3.33, 8.36, 9.64, 2.01, 8.9, 5.03, 3.94, 6.19, 5.9, 5.1, 7.0, 6.77, 3.82, 9.96, 1.53, 9.81, 4.07, 7.52, 2.61, 2.52, 5.46, 8.42, 8.48, 1.22, 8.29, 6.18, 1.57, 4.53, 4.3, 8.62, 9.81, 4.65, 5.24, 8.31, 6.53, 3.24, 4.53, 8.08, 4.18, 9.98, 9.44, 9.48, 2.29, 6.32, 5.57, 6.94, 4.02, 5.17, 1.83, 7.07, 2.64, 8.51, 1.94, 1.3, 6.94, 7.39, 6.67, 5.91, 3.24, 8.56, 7.17, 5.84, 4.65, 3.97, 3.09, 7.79, 3.96, 3.99, 7.41, 6.49, 7.33, 8.75, 6.5, 6.05, 8.82, 9.55, 6.62, 1.36, 8.96, 7.67, 2.67, 2.96, 7.91, 9.08, 1.58, 5.72, 7.79, 8.84, 2.55, 3.29, 4.12, 2.71, 7.98, 7.86, 1.26, 7.78, 5.47, 8.88, 6.56, 1.64, 7.48, 5.71, 3.34, 9.88, 5.95, 1.67, 6.83, 2.63, 1.27, 3.09, 5.41, 9.85, 7.31, 9.65, 8.0, 9.04, 9.84, 3.32, 1.22, 2.18, 7.74, 1.46, 2.52, 2.39, 9.51, 1.21, 4.75, 2.64, 3.18, 3.62, 3.41, 8.17, 6.98, 8.69, 1.04, 5.07, 9.7, 8.48, 6.71, 6.05, 7.62, 5.1, 9.1, 9.83, 9.04, 4.62, 7.17, 2.15, 2.59, 5.27, 4.3, 5.12, 4.84, 2.41, 8.44, 7.98, 6.47, 5.89, 6.54, 2.6, 7.19, 9.91, 9.96, 8.5, 3.9, 6.42, 6.0, 6.22, 6.14, 5.89, 2.41, 1.9, 1.71, 9.75, 1.73, 9.44, 5.93, 6.3, 3.64, 7.35, 4.01, 9.5, 9.56, 5.13, 8.22, 8.05, 1.54, 1.45, 5.98, 6.55, 9.05, 9.26, 1.46, 2.2, 6.8, 8.13, 2.26, 4.38, 7.5, 4.58, 3.47, 8.92, 2.83, 7.39, 3.6, 5.68, 8.21, 4.3, 6.89, 7.23, 3.38, 5.8, 4.96, 1.08, 6.27, 5.94, 7.32, 9.39, 6.13, 1.32, 7.8, 6.09, 1.44, 2.64, 4.46, 2.24, 9.75, 6.61, 1.42, 2.27, 7.71, 2.34, 4.92, 8.22, 5.96, 3.67, 1.23, 4.0, 3.02, 1.59, 9.5, 5.64, 2.42, 1.72, 7.78, 4.2, 9.29, 3.34, 3.08, 4.89, 1.04, 5.09, 4.39, 6.69, 3.02, 2.19, 9.6, 4.43, 7.98, 6.19, 5.09, 8.98, 5.48, 3.03, 8.78, 7.42, 8.92, 4.57, 7.05, 8.74, 4.17, 2.42, 4.01, 6.98, 3.3, 2.34, 4.27, 3.01, 2.54, 8.45, 3.31, 4.68, 8.8, 4.47, 5.23, 9.4, 3.95, 4.39, 1.25, 8.52, 2.83, 6.03, 6.83, 6.04, 7.54, 5.95, 7.74, 7.5, 5.44, 6.78, 8.36, 7.24, 1.76, 5.17, 7.16, 5.68, 5.19, 1.91, 2.51, 7.48, 6.18, 4.93, 3.27, 2.55, 5.83, 7.93, 2.7, 7.44, 1.61, 7.78, 9.59, 8.35, 7.52, 7.15, 5.25, 1.29, 8.2, 3.54, 7.84, 1.58, 9.73, 6.75, 5.1, 6.93, 2.74, 4.21, 6.5, 5.98, 5.71, 9.81, 1.06, 2.13, 9.44, 8.32, 8.57, 3.05, 1.25, 7.22, 5.42, 4.57, 4.32, 4.97, 1.36, 2.26, 7.2, 6.08, 4.2, 2.87, 2.33, 8.9, 8.41, 5.63, 5.81, 3.29, 6.86, 8.11, 6.34, 3.39, 3.94, 2.77, 4.23, 7.56, 4.11, 2.34, 9.88, 3.62, 3.65, 3.64, 4.77, 5.37, 3.65, 1.17, 6.57, 8.12, 8.05, 5.46, 8.67, 2.43, 8.87, 1.41, 1.75, 8.18, 4.68, 5.28, 8.47, 9.27, 1.23, 8.44, 6.65, 2.1, 5.78, 2.88, 6.78, 4.69, 3.64, 1.66, 7.19, 2.09, 8.55, 7.73, 8.89, 3.91, 8.85, 1.51, 6.63, 5.57, 4.31, 6.14, 2.37, 1.75, 4.79, 3.7, 5.06, 2.21, 9.36, 8.05, 5.82, 3.3, 4.45, 3.34, 5.51, 7.73, 2.34, 1.63, 6.2, 1.73, 5.96, 6.12, 9.95, 5.65, 6.15, 1.87, 1.62
0.76, 0.61, 0.48, 0.62, 0.49, 0.51, 0.12, 0.87, 0.68
1.0, 1.0, 1.0, 1.0, 1.0, 1.0, 1.0, 1.0, 1.0, 1.0
19.67, 20.68, 36.65, 58.31, 63.19, 67.7, 71.81, 77.58, 85.22, 94.94
0.0, 1.0, 2.0, 3.0, 4.0, 5.0, 6.0, 7.0, 8.0, 9.0
1.83, 1.85, 1.34, 1.56, 1.81, 1.3, 1.88, 1.39, 1.09, 1.37
0.19, 0.16, 0.19, 0.23, 0.24
0.09, 0.09, 0.04, 0.04, 0.08, 0.05, 0.08, 0.06, 0.07, 0.07, 0.06, 0.08, 0.06, 0.08, 0.05